0.000000000000000000e+00 0.000000000000000000e+00
-2.875352604359504198e+02 1.620755767158117351e+02
-6.779305023837603130e+02 -2.054303121272549220e+02
-2.126683273710953017e+02 1.767147748062489825e+02
-6.864942033655762543e+02 1.340275700527203639e+02
-5.115183931276488920e+02 2.095209162208878695e+02
-1.011448372980184871e+02 1.761862491044370245e+02
-4.186209349883688446e+02 2.385689730096324297e+02
-4.046069015150127939e+02 1.663207913356734480e+02
-4.761634435470753601e+02 3.402918165556879444e+02
-1.358071510259928232e+02 5.614139893691739189e+02
-7.532317985088404839e+02 -9.877337803585461984e-01
-3.532312921099909317e+02 8.955563533796639319e+01
-2.439466363583761108e+02 9.243350659397621882e+01
5.979105161668203827e+00 2.825983800930362690e+02
-7.132043422375672890e+02 3.218996430453017297e+02
-3.849309322205885451e+02 2.918131334404133668e+02
-7.424353166908164212e+02 6.185580339989695631e+02
-4.865257677684394935e+02 4.835742635622857506e+02
-1.721862572864100684e+02 2.438485167927877626e+02
-3.944402428569712811e+02 2.558114862714411117e+02
-5.707730580852581852e+02 6.952729989618323998e+02
-4.379723936648563836e+02 3.777565531193838524e+02
-4.535997123302149703e+02 2.608487985559440858e+02
-3.449217015485444904e+02 4.427459169375746910e+02
-4.132780583462774757e+02 -2.567432145860376522e+02
-4.810246065173947727e+02 -7.687531450762196528e+01
8.106805424202036647e+00 1.711187829991558544e+02
-2.122295921956150835e+02 5.819634498340210484e+02
-2.787512215557163131e+02 2.166630894505369156e+02
-1.457081280807407211e+02 6.682447760225807087e+01
-2.966132660993927743e+02 -5.339911614600711687e+01
-9.351252862352031059e+01 2.775428545987630855e+02
-2.288434875566413496e+01 4.375377024828081858e+02
-1.284255442271073662e+02 -1.349035073874339616e+02
8.215831780619433289e+01 6.443983220268556806e+02
4.991302426751148573e+02 -4.111917393142606159e+01
-4.896619046043826984e+02 1.788595081762879317e+02
-4.769823842472875981e+02 5.742465248146655910e+01
8.338040084751273753e+02 5.643029359898820303e+02
-3.008015158718579301e+02 1.087933166902796955e+02
-1.695000190966095772e+02 -1.114685642606794289e+02
-1.834096463106121746e+02 3.522713795269293087e+02
-3.765270786858474139e+02 -8.578910463216700464e+02
-1.025450704193885031e+03 3.360189732406705616e+02
-9.730896860073761445e+02 -5.886459558747048959e+01
-9.883008624890501324e+02 -6.997584378194020474e+02
-1.295661345226000776e+03 1.075802199986101868e+03
-1.848731292579801448e+03 -2.075183557084256790e+03
-4.046219179620781233e+03 9.098672470777083845e+02
3.355582011609692927e+03 1.237283085830010805e+03
-2.469515234925872392e+03 -3.899627783348329331e+02
3.085712467020662189e+03 -1.401458805334701083e+03
2.461272865384734359e+03 3.194038563726520351e+03
-1.249204806845752501e+03 -3.147605199183640821e+02
-3.857683993590767386e+03 -1.401458805458988536e+03
-3.233244392175103258e+03 3.194038563890321257e+03
2.033760702694730469e+02 1.343285892694063023e+03
-2.246502482634633907e+03 7.370922490809631427e+02
1.236314841750748428e+03 9.401256985522348941e+02
-8.707968393054672163e+01 3.775390892778622401e+03
-1.875310048428396385e+03 2.244679074457572824e+03
-4.027456892971020466e+02 -1.892639189666352877e+03
