0.000000000000000000e+00 0.000000000000000000e+00
-3.523599327601460374e+01 -4.803036261079530078e+01
-7.169039807503186523e+01 -2.792443298713243038e+01
-1.322114603920618663e+02 -7.432958407615997487e+01
-1.093641293225427376e+02 -1.019498605601807526e+02
-2.051213274915627238e+01 -1.132217853410553090e+02
-9.616420794421435403e+01 -2.115161939603383701e+02
-1.003286971377704333e+02 -3.326584086420576227e+02
3.310398418615072558e+01 -1.824749059091343213e+02
9.220479985932898614e+01 -3.114357187656309520e+02
8.783708719743820836e+01 -1.651105372766187429e+02
1.472415497954636692e+02 -1.799353500034759747e+02
2.498034197646055929e+02 -2.029840208681712852e+02
2.963088577880231469e+02 -1.043834227702346169e+02
2.220780865099689834e+02 -4.335710991776075929e+01
3.042268346519167039e+02 -1.289186458026869708e+01
2.103985668732067325e+02 5.453128412534058356e+01
1.108869786059263589e+02 -6.783096600417337640e+01
1.798365226962883980e+02 -1.038782418444079667e+02
1.016468588762034955e+02 -1.170800015066424464e+02
-3.148926924433114891e+02 -1.423605046369945910e+02
-3.428124342062352525e+02 2.711762961456187782e+01
-3.965244802502348307e+02 1.578068421994826167e+02
-3.732665410157963493e+02 2.947891782232271680e+02
-1.940445982408163559e+02 3.639361729334614779e+02
-1.061120527799481721e+02 1.729303048286960802e+02
4.173414049321924324e+01 1.361708796338116088e+02
-5.544276011533325743e+01 7.747837298770012637e+01
-9.524810188371139930e+01 4.366441786825148341e+01
1.803382002978458729e+02 2.616809502569328743e+02
2.601504909909261869e+02 2.432015133257832247e+02
4.877026998338004660e+02 3.180473835545350312e+02
6.141877500016923932e+02 9.485417890826421399e+02
3.780445786486503152e+02 1.314047724791383871e+02
4.081065209508681733e+02 -8.318990557334092983e+00
4.103442710625310497e+02 -1.089492262746075824e+02
4.019216896667828109e+02 -2.632967502439360601e+02
2.249279413562437071e+02 -3.638306026770217159e+02
2.677815410996964260e+02 -3.849508320649429152e+02
-2.965219979582165877e+01 -4.949264797508128595e+02
-3.059652001163145201e+02 -4.486181161018839134e+02
-3.845571910315467221e+02 -2.642113504281905421e+02
-6.687677928115296027e+02 3.982565661648529698e+01
-9.509003361550090858e+02 7.072965980659020033e+02
-1.943688179416147022e+03 4.018809651045611986e+02
-1.555915310402849855e+03 1.761902315859217197e+03
-6.141571157698274419e+02 -3.163946467391309056e+02
-2.973418670524543359e+03 2.618618579024922383e+03
-3.822741803615523168e+03 5.582451227789802033e+02
-2.176722239446277399e+03 -6.149390404087444040e+02
-9.024684338882242400e+02 -5.471847434808717026e+02
-6.300316307054104072e+02 -8.945865170180425139e+02
8.733734369762279570e+00 -1.037274172933123964e+03
9.230622448299724283e+02 -3.003288522234033735e+02
1.272523561759649283e+03 2.459125087048171849e+02
1.692753273489566254e+03 5.849239522279049197e+02
3.109405093690086233e+02 3.142696171677146140e+03
2.971184696363232888e+03 2.618618579251944539e+03
3.905390755930814976e+03 8.536671193279581757e+02
3.624414581960310443e+03 -1.527031724217843475e+03
-1.858573124050504788e+01 -1.970770109355038585e+03
-1.528741005751769080e+03 -2.135368390562764944e+03
-3.626648555706139177e+03 -1.527031724421157833e+03
-3.078630253249303905e+01 2.177254110879571840e+02
-1.217378444606271444e+02 2.047593590477362397e+02
-1.067034905694325602e+02 1.003321006162297664e+02
-6.971511781850979617e+01 3.609346722315720513e+01
-1.765888262330852143e+01 6.031521634438185941e+01
2.375920540592306196e+01 1.743407611596174149e+02
6.685155483642948582e+01 1.688716802584945356e+02
1.498516948489865968e+02 1.527767289935969472e+02
-2.056696419795606516e+02 1.752902698485347912e+02
-1.806954226328393247e+02 7.866260266933478817e+01
-9.168210195943198926e+01 -4.287709673624573448e+00
-1.199500666352772882e+01 1.536982808221676500e+01
5.621033168693441695e+01 3.234928869350140701e+01
1.008566818659345188e+02 3.767036553808279109e+01
2.553450772716008146e+02 1.078698576788483763e+02
-2.456080017598411018e+02 6.149417512552146547e+01
-2.608305465733113806e+02 1.046197180706250833e+02
-6.704018499112576990e+01 -9.766647737961097420e+00
2.450863742970444292e+00 -4.739630259033334170e+01
7.350971760690133294e+01 -4.933664891202938918e+01
1.758329098580524601e+02 2.991666505511891927e+01
2.233829998809122230e+02 1.305088586602879275e+02
-2.957629774390618991e+02 3.260492560270046170e+01
-3.847750974295929609e+02 1.159260379902637972e+01
-1.708468466815299962e+02 -3.103856286648332485e+01
-6.422539016533490042e+01 -5.314699480728380365e+01
7.923586772715861315e+00 -2.140367320342373603e+02
1.016592890482091320e+02 -4.945137837430091565e+01
2.307830671737531816e+02 3.382863613869191255e+01
3.121175129135178281e+02 4.529371963321838024e+01
2.898979500852573779e+02 -4.538328850022865879e+01
-3.721274175494082215e+02 -5.496426858198122289e+01
-3.051814023749535068e+02 -3.797525601539286555e+01
-2.141463302645109650e+02 -8.688146719298772780e+01
-7.958249178883981756e+01 -1.032757260656896960e+02
1.277366259200017282e+02 -1.051190411316944591e+02
3.518185570312834898e+02 -6.068749687821507166e+01
3.654899377239950127e+02 -1.398873552758105632e+02
2.520996008967671855e+02 -1.325762329754759321e+02
-3.862774767577597004e+02 -1.667737502576758288e+02
-4.097421396909674627e+02 -2.101821082050265943e+02
-3.168027917282354338e+02 -3.888168025721737422e+02
-6.884640074206805593e+01 -1.634440758499881099e+02
-1.253906978560693375e+01 -7.296206075682354708e+01
1.281766766235457169e+02 -1.403857075352118500e+02
3.522020989994232991e+02 -1.689206136330618904e+02
2.675577171618369334e+02 -2.763278762746701886e+02
1.434775423439162125e+02 -4.662469450337280250e+02
-2.939689787276644779e+02 -2.305078171315943223e+02
-2.110474232712857372e+02 -1.524078067956741052e+02
-8.299237257992854211e+01 -2.277812906285394661e+02
-2.997390339479724730e+01 -9.773826447855527988e+01
1.167965395602694656e+02 -2.027946855120519558e+02
4.293889639420881110e+01 2.455327853558008258e+02
7.761023688858102787e+01 -1.485986996280342112e+02
-1.696664836198524711e+02 -2.272116223086281366e+02
-1.149621792868544503e+02 -1.835786432905628374e+02
-1.148696391794062492e+02 -3.882019789528797560e+02
-1.301936584763869043e+01 -1.633136201832029428e+02
7.715993924816216065e+01 -2.775185977674664741e+02
1.947527434416991241e+02 -4.016374578693323656e+02
-2.221826819251853351e+02 -4.249383417165215633e+02
-5.784041201084647810e+00 -5.222932492074124866e+02
4.663274255170799520e+00 -3.556964556601545837e+02
4.822248427587653197e+01 -1.021975833614397970e+02
-3.484510130305033613e+02 1.362975807473754344e+02
-2.957451557116010576e+02 2.685253656548124127e+03
-1.199859547390097077e+03 2.562680779843495657e+03
-1.047874553559426431e+03 1.516923343777854143e+03
-7.833661886846762172e+02 9.890348237556014510e+02
-1.638661551536367256e+02 1.111299052971246738e+03
2.430448366303802459e+02 2.258030700982077633e+03
6.698907769021698186e+02 2.197745372255311395e+03
1.502143728917716317e+03 2.035508412632595309e+03
-2.042185575434989005e+03 2.268304461778200221e+03
-1.788946075772796576e+03 1.294291100321189106e+03
-9.050124262680743641e+02 4.709761031151592192e+02
-6.919154470864004036e-01 5.423748836969330114e+02
5.679499443901261202e+02 8.365941005509688466e+02
1.014672764591763212e+03 8.876420252868580292e+02
2.557999614252656556e+03 1.588680036856926790e+03
-2.438712978625901997e+03 1.131022910531044772e+03
-2.590904770080852813e+03 1.558020083095555719e+03
2.986768909547879502e+01 3.485455727951226379e+01
7.406538985058566595e+02 1.466104135463164226e+01
1.765885796198758726e+03 8.068708362922527613e+02
2.242727398537410409e+03 1.821447220457724825e+03
-2.945842955838450962e+03 8.372264733761503521e+02
-3.829952386192510403e+03 6.245658570632703004e+02
-1.697025375749155501e+03 1.975657419479104249e+02
-6.308427697945392083e+02 -1.657317802079017355e+01
8.104739557684217743e+01 -1.621439256058992214e+03
2.314292123583073135e+03 8.474397618324305768e+02
3.126648015860572741e+03 9.687721437011803118e+02
2.903630045669458923e+03 5.552632179107564525e+01
-3.707864975152361239e+03 -3.606612428813804883e+01
-3.037697388549366224e+03 1.360815436608923221e+02
-2.124259410984860097e+03 -3.517084078699751331e+02
-7.833198775371963620e+02 -5.145021903700496750e+02
1.279309224314001085e+03 -5.345770815427910065e+02
3.523070376969409608e+03 -8.754383691186819760e+01
3.664950614527048401e+03 -8.795379529152700115e+02
2.527888827089888764e+03 -8.085719920566480141e+02
-3.850346065003418062e+03 -1.143975647734035874e+03
-4.084192056398011573e+03 -1.580276313657740729e+03
-3.150842342329300209e+03 -3.367675828906265451e+03
-6.720861958221696568e+02 -1.113877623764910368e+03
-1.232331679490682461e+02 -2.068398254789655368e+02
1.288929004784884683e+03 -8.805679236385716422e+02
3.523796609111508587e+03 -1.164508456212105557e+03
2.680789469594576531e+03 -2.240883636749083962e+03
1.441751199604610292e+03 -4.140022175915522894e+03
-2.926464620122651013e+03 -1.783747926079409808e+03
-2.093865486701009104e+03 -1.002135196247417866e+03
-8.036582247838636022e+02 -1.702367404001557361e+03
-1.945083791140286280e+02 -5.757575288223694088e+02
1.177078171984540859e+03 -1.509606071228025939e+03
4.357977173966435771e+02 2.968957098852759373e+03
8.317233105801706188e+02 -1.073746987035343182e+03
-1.677862675540049167e+03 -1.753294249157602280e+03
-1.138662567653328324e+03 -1.316753676582567550e+03
-1.138779718632640424e+03 -3.358311612230373157e+03
-1.135593852923490346e+02 -1.113766919513259836e+03
7.810199678645101358e+02 -2.251510486223834050e+03
1.950052270771702979e+03 -3.499579290018005850e+03
-2.206081380248986079e+03 -3.723890007465478902e+03
-1.240203777018998750e+02 -4.485627780459873065e+03
5.037222692095186716e+01 -3.033417152023381732e+03
4.869154879302376457e+02 -5.043019360701296137e+02
-3.473392954355854727e+03 1.873247685426225189e+03
-1.474936815589801654e+03 4.480736823042767355e+03
-3.293866883598503591e+03 4.477070053600539723e+03
-5.325259119349319917e+03 3.812753328548266381e+03
-7.353381529052827318e+03 2.334426473941474796e+03
-9.083271318772647646e+03 -5.361161886585286140e+01
-1.015050867818665392e+04 -3.349813626684381688e+03
-1.014614801215612715e+04 -7.418688295048858890e+03
-8.662130006949006201e+03 -1.196506858117102274e+04
-5.352422507397508525e+03 -1.649603648460549812e+04
-1.116987160008470426e+00 -2.036614904371852026e+04
7.386309412928080746e+03 -2.273975947405419720e+04
1.650350480895800138e+04 -2.270948080130718881e+04
2.667076229932712158e+04 -1.936894575618605086e+04
3.680782019798829424e+04 -1.194721140183628086e+04
4.540869177564968413e+04 3.664538898861957250e+01
5.065311947435026377e+04 1.653987441495763414e+04
5.051896497802198428e+04 3.688794244847531809e+04
4.302247690256681381e+04 5.956998801985302998e+04
2.651629143570855740e+04 8.219013271057915699e+04
-1.116987413072079383e+00 1.014784702413806081e+05
-3.194716202139642974e+03 -3.602830911292030578e+03
-2.281861303654130097e+03 -5.176993491353345235e+03
-6.895952091236911201e+02 -6.603904325155093829e+03
1.607445720688899883e+03 -7.620264238288747947e+03
4.543222667720025129e+03 -7.922040866702086532e+03
7.932656258170971341e+03 -7.193054659697255374e+03
1.144828124706449489e+04 -5.147893608481376759e+03
1.464365663205922647e+04 -1.585986206772376363e+03
1.690049172789703516e+04 3.550309065597944027e+03
1.757010490479619693e+04 1.011109345341560038e+04
1.593590800670323733e+04 1.768374839550420802e+04
1.136565382913698340e+04 2.554765550924007403e+04
3.428978733910471419e+03 3.268073606882067179e+04
-8.011770633767911022e+03 3.776016829330224573e+04
-2.262526207153252108e+04 3.929339481854923361e+04
-3.951491539203553111e+04 3.570580434593219252e+04
-5.710716751697124710e+04 2.557812702729917510e+04
-7.313907071873066889e+04 7.879183884965972538e+03
-8.468973672034752963e+04 -1.770263688405830544e+04
-8.834052419101634587e+04 -5.046956518448337010e+04
4.666300798962277440e+03 -1.048364509475037721e+03
5.572374700123544244e+03 5.298522954465428256e+02
6.010892713601064315e+03 2.621995598243790482e+03
5.742588543003513223e+03 5.117807129395914671e+03
4.536708390774735562e+03 7.809176334519183001e+03
2.214511157755329350e+03 1.038158742551946852e+04
-1.309557616109422952e+03 1.240216546306282362e+04
-5.980862002549220051e+03 1.338868906545864411e+04
-1.155351540682075938e+04 1.279402556918857226e+04
-1.757233887840064199e+04 1.011109345392712021e+04
-2.332541602098530348e+04 4.926829327281739097e+03
-2.787220729939002558e+04 -2.950472221860688933e+03
-3.010496524351216794e+04 -1.339946726986571775e+04
-2.879580955333484599e+04 -2.589273028840460029e+04
-2.278811843091365154e+04 -3.936112884217842657e+04
-1.114279783123058041e+04 -5.222394582366888790e+04
6.585949217898090865e+03 -6.237112422414903995e+04
3.011864777003668860e+04 -6.724553730847888801e+04
5.818774142830676283e+04 -6.414622721511121199e+04
8.833829021732155525e+04 -5.046956518435046019e+04
