0.000000000000000000e+00 0.000000000000000000e+00
-7.428090543877885921e+00 2.946763603025026512e+01
-1.722205894848740826e+01 -2.421534082700638280e+01
-5.729266187457946558e+01 -2.022676097750142432e+01
-4.941163697854929637e+01 4.716855753332915668e+01
-8.329214323415195054e+01 2.402360411845216959e+01
3.601876416298465244e+01 9.529895605278614568e+00
-2.802868121587889760e+01 -5.650271486209157956e+01
-8.948395741448624108e+01 -1.020874901190282813e+01
8.443346568466601809e+00 6.885450442635632839e+01
-6.247148770515396166e+01 -5.329220068844687574e+01
5.063458816447060862e+00 -5.912958605666607781e+01
4.288541401390254038e+01 4.133139312903011131e+01
-7.631203707037055040e+01 7.867882838132278778e+01
5.594104033784843466e+01 -1.313042909671724345e+01
3.691776755564299606e+01 -5.086403828163255980e+01
-1.050180473773703511e+02 -3.880011305414943479e+01
-3.996095290074571693e+01 -8.616416773459435774e+01
2.284696685099779145e+01 -8.402677014514236475e+01
8.081682769730048221e+01 1.108507113665424626e+01
-3.916741012132261801e+01 1.157309588431146921e+02
6.843424702918898106e+01 -4.668296510748260175e+01
-1.388970252046180462e+02 -1.166568497881914723e+01
-7.688063701519111248e+01 -9.520713632189259101e+01
-6.306638571824174200e+00 -1.086306494910721625e+02
-9.375767695658832679e+01 1.068822254629956348e+02
5.346305548786693862e+01 -8.111010102304771863e+01
8.239338832592252970e+01 6.165664813723892479e+01
-1.798374931639689089e+00 1.277896140092235129e+02
9.207202094815370685e+01 -2.227295547631669237e+01
-4.626546172925236533e+01 -1.170900477464684712e+02
2.363381367848264247e+01 -1.166064036699717690e+02
-1.662465632403726943e+02 4.123990153674584036e+01
8.452927170650521305e+01 -8.169445250454666052e+01
-1.469974908891125267e+02 9.365751532892019782e+01
-1.235929730056086129e+02 -1.029852021356184650e+02
-1.857689609409022324e+01 -1.424739592276738165e+02
-9.950649292719495520e+01 -1.285634274139855506e+02
1.238144208715511496e+02 5.407043839699721843e+01
1.220121287746423206e+02 -4.357199549992896692e+01
-5.493392310802956047e+01 -1.497663186136681759e+02
8.047625913092846872e+01 -1.144686324382876421e+02
4.952127724091905492e+01 -1.509374938060692557e+02
-7.901125049891366814e+01 1.817656429194444172e+02
-2.085711033200801978e+02 -2.440253133798520224e+01
4.198658560863162137e+01 1.817643443692720382e+02
-2.820261198180192164e+00 -1.838068233663110504e+02
-1.983311299100427902e+02 -8.255885695545528336e+01
1.554417567610233846e+02 -5.728534228584326371e+01
1.012989644379752292e+02 -1.407275915419227204e+02
-1.633165943055211926e+02 1.504525490284347597e+02
-9.692049987126455335e+01 -1.872061958185575747e+02
1.851578326344793481e+02 -3.796099646179996068e+00
-1.192746201375768678e+01 2.222216916869325019e+02
-1.390034200132552940e+02 1.937286699992846479e+02
1.869591092255934086e+02 4.949908456634866383e+01
-2.474004856171406743e+02 4.367446379987305960e+01
5.807367711107230690e+01 -2.086087402960595796e+02
9.646371102090428451e+01 2.110374106482536831e+02
1.977645847930544960e+02 1.280803687650392533e+02
-2.208472921473037616e+02 -1.596772315396110287e+02
2.278164919178725540e+02 -9.210338484344038079e+01
-7.957278473707840760e+01 2.933132856595335056e+02
2.204993500348597308e+02 -1.420920019559616208e+02
-1.889770505155566411e+02 2.487736915347988997e+02
-3.091920328162258329e+02 9.784539828712280496e+01
2.172667301397501660e+01 3.008988353809975820e+02
-1.218024004250201102e+02 -2.920417467510555412e+02
-3.326141271595970466e+02 -8.653836568382000394e+01
-3.491542164970496174e+02 1.324042728499319566e+01
-1.980045192022695915e+02 -2.677239936964828075e+02
6.606062070589375423e+01 -3.187966331994618372e+02
5.841917812793012388e+01 3.434957950611790807e+02
2.515644573228420029e+02 -2.104625137488459359e+02
1.133364180241017607e+02 -3.171455347120480042e+02
-5.404517868692950344e+01 -3.661517684126039853e+02
-3.885438338859926262e+02 1.156457973868397744e+02
3.261907099418353937e+02 1.822528197137923769e+02
2.679076013943637591e+01 4.003882538506790070e+02
-8.463759344204164847e+01 4.025268607582866593e+02
-2.199278437489270743e+02 3.579865492118728980e+02
-3.672658240128675970e+02 2.249527088611882277e+02
3.055912413272050117e+02 2.585976440480699239e+02
1.817781831386254510e+02 3.716042531248886576e+02
-2.567683225995812109e+02 -3.587458846121736542e+02
4.132003834175633301e+02 -1.138178680887347483e+01
-3.906758254727324697e+02 2.659926616619547985e+02
2.110375431795545182e+02 -3.702502466927188038e+02
-2.557195989276043804e+02 3.944558486876274515e+02
-3.101244292680964350e+02 -3.798445421929072268e+02
-5.124780961158734272e+02 -1.884092760106948106e+01
4.395399253936989226e+02 -1.763280928434724331e+02
1.853693470436047050e+02 -4.583613066252682415e+02
-4.612856738371244774e+02 -2.834570731043256728e+02
3.627713390748764368e+02 -3.479837909920267975e+02
-4.108124597518096266e+01 5.454875152140696173e+02
4.515828822810620977e+02 -3.123897722368258201e+02
-6.115213408059402127e+02 8.356785552825175500e+01
-8.918163779031189620e+01 -5.879802600434449005e+02
5.746034266763334699e+02 1.456919785025399960e+02
3.886475641670846244e+02 4.766476355370118085e+02
8.022402581242442920e+01 -6.310769120488438375e+02
-3.146464391613694147e+02 -5.786222194243200647e+02
-4.837507510723294786e+02 5.089221045023980423e+02
-3.657528054908932518e+02 -5.991361708922934213e+02
-7.136552342787881571e+02 -3.486825798851286322e+02
7.212787623852984780e+02 -2.736809994408224611e+02
1.345992653294530044e+02 8.244157054448058943e+02
3.112782559653425096e+01 -8.324832568635758889e+02
-8.225455593508100947e+02 3.368115063062580248e+02
8.940437068046743434e+02 6.488610495009383783e+01
-2.969174678017436122e+02 8.935419482291954409e+02
-6.546108555076813218e+02 -7.241584887673908497e+02
4.064205009543505298e+02 -8.922291853761536231e+02
-5.706565561136385440e+02 -8.546767423617894792e+02
-1.113647374499483249e+03 1.797777346453888114e+01
-9.555885610538147148e+02 -5.937047014367516340e+02
-3.171858199120713948e+02 1.141235918264068232e+03
8.199915412784946511e+02 -9.012956126529556968e+02
1.087474119805465534e+03 5.978957120092916284e+02
3.084492787483897587e+02 1.228328297642155803e+03
1.189652865156260987e+03 -4.623540681850102487e+02
-9.100649904941350314e+02 -9.552663350230383230e+02
-6.364732268378451074e+00 1.480374582886908001e+03
-1.358850366006524837e+03 -8.555950876541276102e+02
1.312585078662942806e+03 -9.055806280584926071e+02
6.841705727535460255e+02 1.630930614087989625e+03
4.704268893061365020e+02 1.792047021724773003e+03
4.811744820388374251e+02 -1.852157202387638790e+03
-1.867473292862742937e+03 -5.984733132900601049e+02
1.324847029347393118e+03 -1.475062070457370737e+03
-2.148399485607977113e+03 -7.999155697553494981e+00
-6.461181858484692384e+02 -2.074915066173904506e+03
1.138740824132717989e+03 2.021533521764321222e+03
-2.400449600518398711e+03 -1.344377000873931252e+02
1.164371380575745889e+03 -2.163480032198960089e+03
1.989027048517772755e+03 -1.481001914847789521e+03
-2.331410642909382659e+03 -1.453693418752544403e+03
-2.896644522360441442e+03 5.855663828344152080e+02
7.624257763762897184e+02 -2.940136959597696205e+03
2.137216810738044842e+03 2.200042997330497656e+03
3.519584106489918213e+03 3.078908711836538714e+02
-3.274030468283994196e+03 1.601741480449064056e+03
3.078587536070397164e+03 1.911122213406314586e+03
6.535875621010177383e+02 -3.652041781222440477e+03
4.182096378545135451e+01 -3.750357989112425457e+03
-1.658355203083795232e+03 -3.462657047128896465e+03
-1.657132787578644411e+03 3.479912109965595391e+03
-2.677363172745922839e+03 2.824397335477651268e+03
9.806219985445591192e+02 3.750503456970255684e+03
2.938639270864392984e+03 -2.839338762704180226e+03
2.937254860221377385e+03 2.856901367320132067e+03
4.306093634747358919e+03 1.366306991819643372e+03
-1.070898217459318175e+03 -4.502554719938738344e+03
-2.693460971570654237e+03 4.574993958906426997e+03
5.613075004662769970e+03 3.373746423346146912e+02
-2.637286419509634015e+03 -5.064753582415701203e+03
-4.603883493584722601e+03 -4.774034500708926316e+03
-2.387596120856775087e+03 6.488065021030697608e+03
6.868844399319107652e+03 -1.297549298828791279e+03
-7.215147131690759124e+03 -4.869577185357432427e+03
7.876654519146610255e+03 -3.644239536947563010e+03
-1.240270903380093614e+03 8.676846959706517737e+03
1.601669082558140190e+03 1.052140938626062962e+04
-1.012702732744220521e+04 -3.626594816329836249e+03
8.370523316683158555e+03 -6.769895704434527943e+03
5.161207447963816776e+03 1.215695760944600624e+04
8.006492761175745727e+03 -1.067484641688955708e+04
-1.420407195022189808e+04 -1.766961872231050393e+03
1.013654558100237409e+04 1.205612949630706498e+04
6.373894001333955202e+03 -1.524459996721264906e+04
-1.717697701959107508e+04 1.661861717236570030e+03
-1.869575069872390668e+04 8.068785459821823679e+03
1.593381700000492310e+04 1.262382115479429922e+04
3.060716331787139552e+03 -2.028898122411739678e+04
2.300430828498256960e+04 1.011560466632462703e+04
-1.994011961928044911e+04 1.542355416413481908e+04
-2.561370811708542533e+03 -2.521578834489622750e+04
3.079109744251695156e+04 3.690983689965185476e+03
-1.920382600623578764e+04 2.463069482467566195e+04
-1.077987949358965852e+04 -2.947460741634463557e+04
-1.551103106074714015e+04 3.545746090987523348e+04
3.866314805246232572e+04 -2.957508531022369425e+03
-2.196290847819724513e+04 -3.206670952735730316e+04
-7.784692352965096688e+03 4.732722729190015525e+04
4.557907250121771358e+04 -1.534569097971817064e+04
-3.699463121881137340e+04 -3.534824910263223865e+04
5.327170745120262836e+03 5.890538866223974037e+04
5.009906423631186772e+04 -3.232109644452642533e+04
-5.360283045156238222e+04 -2.680016087997565774e+04
2.411614320532128477e+04 6.958212734039447969e+04
-7.203492309633945115e+04 -1.616411846946594414e+04
5.033093624762171385e+04 -5.408598699208802282e+04
5.007950875402666861e+04 7.612355071640820825e+04
-9.132547777167512686e+04 2.697042265209749985e+03
4.390595422200926987e+04 -8.028421806337591261e+04
