0.000000000000000000e+00 0.000000000000000000e+00
-9.306329211933045826e+02 -6.279219570213869019e+02
-2.275543121882541982e+03 -1.535553582540760999e+03
-3.987472246744075619e+03 -2.691463097241799460e+03
-6.036922701180490549e+03 -4.075964089513829094e+03
-8.402577255530948605e+03 -5.675209554123127418e+03
-1.106805558941270283e+04 -7.478072202904128972e+03
-1.402014164448810334e+04 -9.476745171441170896e+03
-1.724753385378733947e+04 -1.166366674528719705e+04
8.528222346457777121e+02 6.714652693408740447e+01
1.870379781680670021e+03 -4.074488331539217256e+02
3.340704683276761898e+03 -1.093443728864284367e+03
5.212400086023058066e+03 -1.967199434527238509e+03
7.453349991823317396e+03 -3.013992827834390027e+03
1.004015728144345303e+04 -4.223086216108697045e+03
1.295516294470990215e+04 -5.586719968692930706e+03
1.618380769232119928e+04 -7.098465022838726327e+03
1.977219274406593104e+04 -8.626993609843953891e+03
3.687960450890633979e+02 7.161356635656077287e+02
2.805073142002678424e+02 1.724755722758670345e+03
1.439947156268648598e+02 3.283417287308815048e+03
-9.737164765359166196e+00 5.037975279302080708e+03
-2.045439191035495980e+02 7.260057778254637924e+03
-4.295854859209207461e+02 9.826052967355786677e+03
-6.833575968208864424e+02 1.271794663563182985e+04
-9.647359929463615345e+02 1.592201393750089483e+04
-1.272696860628574541e+03 1.942647142466349760e+04
