0.000000000000000000e+00 0.000000000000000000e+00
-2.835110598121264616e+02 -1.912405975547854950e+02
-6.929304900702990153e+02 -4.674676161643611181e+02
-1.214125500407196114e+03 -8.191625545761723970e+02
-1.838371091268995315e+03 -1.240447177473133706e+03
-2.559008993740058031e+03 -1.726794180095546380e+03
-3.371203360502867781e+03 -2.275097171427229569e+03
-4.270904122948049917e+03 -2.882703694796585296e+03
-5.254906152433344687e+03 -3.547371384746574222e+03
2.595804015158421407e+02 2.031258175496297724e+01
5.692942394075283801e+02 -1.240940706206981048e+02
1.016602930966453528e+03 -3.328300265291770188e+02
1.586831579686589066e+03 -5.986894307087071638e+02
2.269235997997675440e+03 -9.170256158160266295e+02
3.057127283429088493e+03 -1.284684326419070203e+03
3.945080032271486289e+03 -1.699136724470477702e+03
4.928785517867699127e+03 -2.158440032082023663e+03
6.004706334136213627e+03 -2.660963235062363765e+03
1.119823232623616462e+02 2.199686952191588603e+02
8.527766168953230874e+01 5.248950660108222337e+02
4.643672544966567273e+01 9.686304566463965102e+02
-3.009315953136715294e+00 1.533515125203884736e+03
-6.223591367503755123e+01 2.209974089405486211e+03
-1.395192036462014187e+02 3.092176689754029667e+03
-2.077908657614191270e+02 3.871330981164339846e+03
-2.932480312159293590e+02 4.846734681747293507e+03
-3.870511079184324217e+02 5.913557772477682192e+03
