0.000000000000000000e+00 0.000000000000000000e+00
-8.619519608883048534e+01 -5.813845953141650114e+01
-2.110346942607951917e+02 -1.423571065333691195e+02
-3.697045442621444522e+02 -2.493790570862020388e+02
-5.597250308686194558e+02 -3.776046422063270711e+02
-7.791215027360140084e+02 -5.256060756957775766e+02
-1.026375782881537361e+03 -6.924506456222997031e+02
-1.300313366466887373e+03 -8.773010141075889123e+02
-1.600057536455452009e+03 -1.079609331844763346e+03
7.899142757507178203e+01 6.217698053019748983e+00
1.733836382645507967e+02 -3.782587777645352389e+01
3.095556287771129291e+02 -1.013092367725140406e+02
4.830956063236242812e+02 -1.822325301521146343e+02
6.908332538790009494e+02 -2.791266250383799274e+02
9.304015973497442928e+02 -3.909684860605935341e+02
1.201068015235286794e+03 -5.170805741080313283e+02
1.500626803433505074e+03 -6.568278902401236792e+02
1.828240626132616853e+03 -8.096674883172998989e+02
3.285419997639218792e+01 8.093168943670015381e+01
2.578645110364190884e+01 1.618302356877423449e+02
1.413444675002794959e+01 2.948518091502497782e+02
-9.180492453704256484e-01 4.667566064794058320e+02
-1.893306929078523737e+01 6.727329475193342887e+02
-3.975875099119642897e+01 9.104919971149799949e+02
-6.321590484568818624e+01 1.178479703152444245e+03
-8.920449387385062323e+01 1.475376665672468334e+03
-1.176458149054022329e+02 1.800139069864238081e+03
