0.000000000000000000e+00 0.000000000000000000e+00
-4.125504963602974584e+01 1.499433006119388523e+01
-7.917698179464572661e+01 -1.057683111702334600e+01
-1.274503799375267477e+02 -4.314412947022261591e+01
-1.855180344787852391e+02 -8.232379392044353494e+01
-2.522900724943609703e+02 -1.273627764721751987e+02
-3.275501523514477071e+02 -1.781346983736050618e+02
-4.109601695570852939e+02 -2.343847270250081181e+02
-5.021606657619144016e+02 -2.959332192162118531e+02
3.548981980020113003e+00 -4.046933272248709557e+01
3.773650093487719914e+01 2.121202811421363421e+01
7.922273749613813720e+01 1.859279002485503485e+00
1.321288586004160379e+02 -2.283154771525963866e+01
1.952859061310755919e+02 -5.226744529328653499e+01
2.683010611434251587e+02 -8.631490671132014825e+01
3.506628041361136638e+02 -1.247356443189430308e+02
4.418413089052639862e+02 -1.672382000909207136e+02
5.415380619762250944e+02 -2.137583799267129905e+02
-3.536839590970365155e+00 4.044643715486429159e+01
-8.400798503076789103e+00 9.592601949789403193e+01
-1.194074905689137189e+01 1.363769780747181812e+02
-1.546855838086524138e+01 1.768245657489362372e+02
-2.079837075979570571e+01 2.374825817323799413e+02
-2.712058087756194524e+01 3.098461392114436421e+02
-3.426475591385078445e+01 3.914293241398625582e+02
-4.217310031087469469e+01 4.817509365405996391e+02
-5.089437565758846205e+01 5.806760787755659976e+02
