0.000000000000000000e+00 0.000000000000000000e+00
1.463990195856073910e+02 1.737227928411133951e-02
2.927956000517986581e+02 2.874788613660417616e-02
4.391947243391115308e+02 3.888941286800395858e-02
5.855927608633292039e+02 3.861167754226624976e-02
7.319901365329188820e+02 4.244465622671445698e-02
8.783862708421652314e+02 3.776846174508019516e-02
1.024784022013199774e+03 2.583361897401381668e-02
1.171182738076199030e+03 1.407594491564800876e-02
1.207787583368623245e+03 4.005253483874149367e-03
1.280985725815047999e+03 -3.487308342098316850e-03
2.525366208673949586e+03 -3.340884547539113569e-01
2.598563581619209344e+03 -3.659470650487772758e-01
